16

0.393 0.456 0.782 -0.978 0.832 0.665 
0.456 0.551 0.358 0.588 0.625 0.872 
0.782 0.358 0.654 0.540 0.265 0.325 
-0.978 0.588 0.540 0.832 0.778 0.466 
0.832 0.625 0.265 0.778 0.371 0.492 
0.665 0.872 0.325 0.466 0.492 0.635

0.90 -0.58 1.111 0.094 0.0605 0.355
